10078
10104
10107
10108
10137
10138
10145
10147
10225
10299
10324
10353
10364
10401
10516
10562
10604
10693
10696
10725
10786
10791
10866
10874
10890
10909
10942
10989
11042
11081
11260
11308
11340
11403
11404
11415
11552
11600
11607
11618
11674
11703
11754
11762
11786
11850
11891
11896
11955
11970
11976
11983
11997
12052
12060
12062
12067
12073
12076
12079
12095
12140
12308
12319
12369
12431
12448
12449
12456
12458
12490
12503
12511
12542
12546
12558
12570
12622
12623
12650
12749
12872
12981
13035
13056
13100
13103
13119
13141
13142
13168
13356
13407
13447
13567
13586
13598
13641
13688
13721
13760
13788
13821
13856
13901
13911
13928
13936
13949
13963
13983
14008
14011
14277
14295
14297
14322
14323
14338
14541
14593
14601
14656
14702
14704
14714
14736
14776
14795
14883
14889
14891
14939
15077
15202
15368
15401
15404
15408
15456
15472
15488
15553
15560
15579
15659
15667
15707
15720
15797
15966
16044
16087
16276
16279
16343
16347
16424
16431
16432
16497
16538
16543
16544
16600
16678
16809
16816
16851
16870
17005
17040
17144
17279
17478
17566
17726
17743
17750
17806
17830
17961
18016
18065
18092
18112
18142
18143
18147
18163
18327
18374
18382
18403
18411
18420
18428
18542
18578
18592
18681
18724
18729
18921
18948
19051
19166
19254
19285
19286
19350
19377
19393
19502
19553
19561
19692
19721
19895
19916
20053
20204
20220
20394
20415
20482
20626
20853
21004
21020
21178
21186
21207
21371
21514
21573
21776
21792
21821
21936
21979
22032
22066
22082
22103
22111
22293
22496
22509
22517
22541
22592
22613
22680
22752
22753
22779
22840
22891
23026
23077
23085
23114
23229
23309
23317
23318
23393
23473
23501
23536
23579
23660
23712
23819
23851
23887
23915
23931
23990
24010
24046
24053
24109
24184
24205
24221
24264
24272
24328
24360
24459
24539
24563
24643
24678
24766
24803
24811
24942
24985
25005
25013
25056
25081
25099
25232
25267
25320
25419
25487
25582
25769
25778
25785
25953
26112
26332
26382
26403
26438
26518
26542
26657
26710
26729
26737
26825
26884
27043
27051
27115
27263
27422
27430
27596
27633
27713
27756
27764
27828
27887
27959
27983
27991
28118
28222
28310
28345
28388
28484
28804
28847
29102
29196
29946
30067
30382
30681
30940
31536
32205
32379
32563
32707
32791
32803
32870
32986
33312
33814
34032
34040
34746
34817
34833
34841
35044
35051
35211
35238
36003
36127
36468
36978
37161
37284
37584
38093
38578
38682
38703
38762
38914
38973
39087
39490
39642
39765
39917
40061
40125
40272
40416
40483
40484
40539
40838
41080
41179
41355
41443
41929
42024
42083
42200
42534
42585
42796
42877
42906
43123
43350
43449
43553
43610
43772
43916
44062
44206
44329
44601
44644
44652
44792
44951
45241
45277
45356
45495
45671
45751
45794
45911
46295
46578
46674
46703
46850
46877
46886
46922
47079
47175
47271
47466
47490
47896
47941
47992
48071
48267
48274
48354
48397
48485
48486
48506
48514
48653
48725
48960
49015
49154
49373
49429
49656
49680
49744
49905
50024
50032
50200
50227
50404
50876
50905
50906
50956
51043
51263
51369
51377
51588
51596
51625
51706
51772
52038
52090
52329
52337
52476
52695
52708
52919
52978
53065
53225
53401
53612
53613
53786
53831
53866
53938
54148
54181
54463
54690
54827
55976
56223
56232
56266
56450
56573
57381
57568
57592
57665
57817
57904
58094
58246
58413
58640
58683
58819
58827
58990
59010
59184
59192
59248
59300
59328
59345
59379
59408
59440
59459
59483
59926
60046
60097
60206
60442
60506
60599
60628
60871
60943
60986
61065
61241
61284
61399
61583
61621
61663
61735
61743
61815
62092
62148
62252
62308
62324
62519
62834
63060
63096
63765
63830
64020
64186
64311
64346
64390
64531
64565
64629
64653
64856
64936
65066
65138
65330
65402
65541
65568
65787
65859
65875
65883
65947
66018
66026
66093
66114
66122
66157
66181
66325
66384
66800
67467
67571
67598
68049
68144
68304
68347
68591
68857
69032
69550
69607
69649
69796
70033
70092
70229
70308
70332
70376
70500
70519
70536
70578
71001
71175
71298
71563
71686
71765
71984
73139
73940
74617
75030
75034
75100
75107
75154
75175
75186
75224
75241
75257
75333
75341
75423
75489
75510
75573
75577
75591
75592
75607
75625
75646
75647
75789
75819
75825
75828
75857
75912
76070
76076
76082
76090
76095
76122
76129
76171
76201
76226
76240
76557
76565
76605
76614
76619
76624
76625
76638
76639
76656
76709
76712
76744
76754
76757
76795
76804
76841
76887
77037
77063
77129
77173
77178
77182
77274
77281
77284
77338
77357
77496
77546
77605
77606
77649
77659
77661
77668
77702
77730
77768
77976
78034
78083
78139
78788
78840
78877
78916
78927
78946
78975
78987
79057
79089
79094
79103
79108
79129
79145
79212
79237
79265
79323
79411
79545
79547
79588
79637
79678
79698
79718
79764
79782
79785
79879
79881
79906
79915
79973
80055
80080
80094
80100
80183
80191
80204
80266
80286
80303
80320
80381
80399
80406
80410
80470
80506
80515
80539
80599
80678
80681
80694
80711
80913
81045
81055
81061
81126
81138
81193
81262
81481
81540
81593
81655
81677
81696
81736
81774
81776
81857
82196
82298
82303
82307
82308
82309
82581
82598
82618
82642
82643
82647
82651
82686
82775
82776
82959
83111
83143
83332
83413
83421
83435
83440
83443
83462
83583
83596
83601
83621
83630
83693
83699
83862
83906
83976
83981
83988
84001
84020
84032
84036
84129
84176
84342
84373
84375
84381
84519
84761
84767
84769
84788
85032
85035
85058
85072
85073
85238
85257
85265
85269
85271
85348
85459
85516
85522
85592
85593
85621
85631
85663
85675
85753
85792
85869
85908
85913
85914
85926
85963
85991
86021
86102
86111
86136
86158
86176
86228
86305
86314
86326
86339
86356
86414
86496
86580
86591
86725
86756
86783
86799
86845
86868
86946
86964
86976
86979
86996
87029
87055
87070
87127
87137
87184
87267
87292
87299
87432
87447
87536
87541
87657
87717
87800
87842
88313
88319
88352
88388
88436
88446
88587
88590
88601
88661
88664
88668
88837
88845
88853
88860
88873
88991
89001
89002
89003
89004
89006
89014
89017
89027
89070
89071
89105
89179
89195
89216
89217
89258
89269
89301
89392
89393
89463
89495
89508
89509
89525
89533
89617
89626
89641
89757
89813
89866
89954
90038
90071
90110
90162
90199
90215
90272
90305
90319
90352
90373
90386
90435
90441
90454
90505
90520
90537
90547
90601
90609
90805
90808
90829
90880
90979
90993
91041
91063
91068
91103
91143
91152
91207
91218
91233
91380
91388
91391
91392
91416
91461
91547
91556
91611
91650
91668
91849
91883
91926
91937
92121
92156
92157
92239
92293
92322
92402
92602
92611
92614
92618
92655
92709
92890
92988
93002
93089
93096
93132
93159
93422
93429
